Helmert parameters
------------------------
Tx:           -0.0781190 meter
Ty:            0.1060542 meter
Tz:            0.0000433 meter
Rx:    0.000000007647708 rad     0.001577453 arcsec
Ry:    0.000000021016782 rad     0.004335023 arcsec
Rz:   -0.000000005142342 rad    -0.001060684 arcsec
S.:    1.000000002666990          0.002666992 ppm
RMS:            0.004190 meter

------------------------------------
               X(mm)   Y(mm)   Z(mm)
------------------------------------
St.dev:         3.68    1.71    5.88
Max.:           8.25    4.27   18.81
Min.:         -11.44   -4.24  -16.15
Mean:          -0.68   -0.09   -1.17
RMS:            3.73    1.71    5.98

       From points                                  To points                                    Residuals
----------------------------------------------------------------------------------------------------------------------------
Name              X              Y              Z              X              Y              Z        vX        vY        vZ
----------------------------------------------------------------------------------------------------------------------------
AASC   3172870.6868    604208.2329   5481574.2985   3172870.7299    604208.2796   5481574.2506   -0.0056   -0.0027   -0.0004
ADAC   1916240.7990    963576.8171   5986596.4836   1916240.8564    963576.8715   5986596.4698   -0.0003    0.0014    0.0031
AKRC   3254758.7999    295601.4003   5458918.7171   3254758.8546    295601.4488   5458918.6781    0.0079    0.0001    0.0125
ALES   2938027.5685    319096.1561   5633413.8460   2938027.6197    319096.2076   5633413.7981    0.0014    0.0027   -0.0036
ALTC   2011819.9417    866267.7661   5970245.1068   2011819.9979    866267.8194   5970245.0845   -0.0011    0.0010   -0.0027
ALTE   2024661.3539    821838.9722   5972113.3725   2024661.4095    821839.0229   5972113.3518   -0.0014   -0.0015   -0.0005
ALVC   2940409.1775    552141.7478   5614661.3374   2940409.2262    552141.7973   5614661.2891   -0.0018    0.0000   -0.0058
ANDE   2169481.1527    627616.7201   5944952.1403   2169481.2082    627616.7706   5944952.1167   -0.0003   -0.0006    0.0013
ANDO   2175766.1528    624248.0445   5943417.6891   2175766.2049    624248.0928   5943417.6577   -0.0038   -0.0028   -0.0064
ARDA   3049335.0534    412404.0383   5568121.1460   3049335.1007    412404.0882   5568121.0933   -0.0019    0.0011   -0.0067
AREC   3310416.1031    507077.6571   5410027.8563   3310416.1528    507077.7044   5410027.8126    0.0027   -0.0017    0.0075
ARNC   3121908.4011    633906.5807   5507319.3123   3121908.4435    633906.6266   5507319.2650   -0.0068   -0.0037   -0.0013
ASAC   3138261.3673    293529.1424   5526461.6189   3138261.4133    293529.1912   5526461.5639   -0.0019    0.0004   -0.0061
AURD   3066224.8691    508407.9358   5551486.5320   3066224.9109    508407.9869   5551486.4780   -0.0075    0.0018   -0.0083
BALC   2140934.3753    746664.0282   5941587.1175   2140934.4308    746664.0786   5941587.0842   -0.0009   -0.0013   -0.0098
BARC   2189670.4481    726323.8132   5926495.8026   2189670.5025    726323.8641   5926495.7721   -0.0016   -0.0005   -0.0060
BATC   1841212.3385   1051569.6396   5995292.8579   1841212.4003   1051569.6958   5995292.8554    0.0036    0.0026    0.0122
BERC   2876143.2807    507405.9943   5651709.5258   2876143.3317    507406.0438   5651709.4804    0.0001    0.0001   -0.0040
BERL   1831037.6651   1024767.2747   6002943.1643   1831037.7275   1024767.3305   6002943.1665    0.0041    0.0024    0.0168
BIRK   3321840.7914    480633.8879   5405500.1140   3321840.8423    480633.9376   5405500.0703    0.0041    0.0008    0.0079
BJAC   2197254.1138    653577.9710   5932029.5199   2197254.1674    653578.0206   5932029.4891   -0.0021   -0.0015   -0.0055
BJOC   2946468.3227    424528.2412   5622599.9934   2946468.3749    424528.2922   5622599.9491    0.0021    0.0020   -0.0007
BJUC   2785003.1800    481750.8755   5698729.4894   2785003.2356    481750.9269   5698729.4556    0.0040    0.0020    0.0058
BLEC   2537417.0136    623737.8818   5799233.3953   2537417.0658    623737.9327   5799233.3589   -0.0016    0.0005   -0.0033
BMLC   3203435.2811    291655.9968   5489223.9912   3203435.3348    291656.0446   5489223.9519    0.0065   -0.0007    0.0111
BOD3   2391774.5018    615614.8508   5860965.8688   2391774.5545    615614.9015   5860965.8352   -0.0019    0.0002   -0.0037
BOEC   2251903.8072    580985.5630   5919162.1617   2251903.8620    580985.6145   5919162.1351   -0.0005    0.0008    0.0005
BREC   1966762.5637    806743.9689   5993342.4390   1966762.6212    806744.0199   5993342.4228    0.0003   -0.0013    0.0030
BRGS   3155871.3769    290902.6609   5516573.4448   3155871.4260    290902.7102   5516573.3939    0.0014    0.0009   -0.0016
BROC   2595872.0179    561590.1114   5779477.5103   2595872.0690    561590.1609   5779477.4685   -0.0020   -0.0004   -0.0070
BYGC   3278594.5728    449040.8097   5434527.7491   3278594.6240    449040.8545   5434527.7041    0.0041   -0.0040    0.0060
DGLS   3122530.4464    466759.7465   5524284.6692   3122530.4885    466759.7982   5524284.6146   -0.0066    0.0027   -0.0073
DOKK   3068285.3201    545196.0258   5546563.8478   3068285.3581    545196.0757   5546563.7986   -0.0114    0.0005   -0.0037
DOMS   2957496.5401    474476.5148   5612992.3142   2957496.5926    474476.5650   5612992.2655    0.0023    0.0010   -0.0052
DONC   2530373.3806    559656.3832   5808446.3433   2530373.4347    559656.4331   5808446.3083    0.0006   -0.0002   -0.0017
DREC   2947894.4097    628051.9314   5603013.9707   2947894.4584    628051.9783   5603013.9272   -0.0021   -0.0028   -0.0014
EIDV   3104486.6231    618177.0019   5518846.6031   3104486.6617    618177.0486   5518846.5523   -0.0108   -0.0029   -0.0050
ETNE   3212117.5342    333887.4337   5481761.5994   3212117.5805    333887.4830   5481761.5481   -0.0011    0.0008   -0.0010
FAUS   2383814.2727    656303.2797   5859745.0560   2383814.3253    656303.3311   5859745.0221   -0.0021    0.0006   -0.0045
FAVA   3007584.2952    540767.8352   5579954.3350   3007584.3408    540767.8830   5579954.2865   -0.0043   -0.0016   -0.0044
FETC   3144014.2640    620694.6194   5496278.2193   3144014.3029    620694.6647   5496278.1651   -0.0101   -0.0042   -0.0075
FINC   2157475.3215    700471.3692   5941222.4054   2157475.3767    700471.4202   5941222.3737   -0.0010   -0.0004   -0.0076
FINO   3259502.9835    335388.4272   5453815.7751   3259503.0352    335388.4761   5453815.7278    0.0048    0.0003    0.0040
FLIC   3069140.7761    653054.3568   5534533.7728   3069140.8195    653054.4040   5534533.7247   -0.0063   -0.0025   -0.0033
FLOC   3029753.1168    267083.0344   5587514.9061   3029753.1674    267083.0842   5587514.8604    0.0017    0.0013    0.0010
FOLC   2734119.4528    562322.7587   5715876.5447   2734119.5012    562322.8043   5715876.5045   -0.0038   -0.0041   -0.0023
FOLD   2943776.3795    518435.5176   5616377.4763   2943776.4272    518435.5674   5616377.4296   -0.0027    0.0004   -0.0038
FORC   3039451.5274    313417.6474   5579913.6373   3039451.5744    313417.6973   5579913.5841   -0.0019    0.0013   -0.0067
FREC   3213541.3427    621178.0963   5456026.1119   3213541.3864    621178.1431   5456026.0658   -0.0046   -0.0027    0.0022
FROC   2785000.3656    424190.0978   5703190.4585   2785000.4198    424190.1469   5703190.4193    0.0028   -0.0001    0.0009
GJES   3297584.5070    339039.1657   5431020.0966   3297584.5618    339039.2135   5431020.0565    0.0083   -0.0007    0.0121
GJOC   2911050.9335    466961.8921   5637148.6168   2911050.9818    466961.9433   5637148.5666   -0.0022    0.0019   -0.0077
GLOC   3007511.2960    326280.0409   5596312.1309   3007511.3422    326280.0918   5596312.0764   -0.0030    0.0023   -0.0088
GOLC   3091393.5808    486884.2049   5539268.6009   3091393.6253    486884.2542   5539268.5499   -0.0045    0.0001   -0.0046
GRAN   3105730.1053    578964.5475   5522491.3272   3105730.1478    578964.5936   5522491.2783   -0.0067   -0.0033   -0.0028
GROC   2693626.6891    587849.6235   5732271.9006   2693626.7429    587849.6731   5732271.8612    0.0013   -0.0003   -0.0026
HAMA   2299448.6479    642405.2951   5894709.5992   2299448.6994    642405.3458   5894709.5632   -0.0037   -0.0002   -0.0083
HAMC   1939134.9921    849781.6975   5996394.8572   1939135.0482    849781.7474   5996394.8370   -0.0013   -0.0027   -0.0021
HANC   2064009.4410    736022.1218   5969866.8800   2064009.4999    736022.1713   5969866.8580    0.0023   -0.0023   -0.0002
HAUC   3190242.2876    402823.6560   5490993.5559   3190242.3323    402823.7038   5490993.5020   -0.0032   -0.0010   -0.0046
HAVC   1893120.4595    869251.7195   6008184.7675   1893120.5184    869251.7723   6008184.7616    0.0012    0.0001    0.0112
HEDC   3093504.0242    531189.8017   5534341.4780   3093504.0667    531189.8503   5534341.4252   -0.0067   -0.0006   -0.0067
HEGC   3047652.1886    486257.5949   5563715.1792   3047652.2334    486257.6436   5563715.1274   -0.0046   -0.0004   -0.0064
HELC   2977963.3806    353232.1151   5610785.3686   2977963.4279    353232.1648   5610785.3121   -0.0023    0.0010   -0.0117
HEMC   2838350.5269    453607.4999   5674729.9434   2838350.5787    453607.5502   5674729.9009    0.0008    0.0010   -0.0015
HFS4   3132540.9059    566402.0229   5508613.1238   3132540.9509    566402.0689   5508613.0790   -0.0039   -0.0033    0.0020
HFSS   3132537.5553    566401.7746   5508615.0601   3132537.5989    566401.8218   5508615.0126   -0.0053   -0.0022   -0.0007
HITA   2808648.4705    443561.9283   5690175.5131   2808648.5229    443561.9785   5690175.4705    0.0012    0.0009   -0.0022
HOLC   2779581.2189    549368.5523   5695298.7101   2779581.2744    549368.6025   5695298.6750    0.0037    0.0005    0.0039
HONS   1874722.5776    912942.9396   6007499.6099   1874722.6378    912942.9906   6007499.6103    0.0024   -0.0018    0.0168
HUSC   2884086.0650    361222.6006   5658395.5348   2884086.1176    361222.6509   5658395.4905    0.0023    0.0014   -0.0016
IBEC   2212201.5910    683801.9605   5923151.1655   2212201.6483    683802.0109   5923151.1334    0.0016   -0.0008   -0.0066
INNC   2927523.9173    387862.0592   5634412.9902   2927523.9655    387862.1091   5634412.9372   -0.0019    0.0010   -0.0095
JOSC   3011310.7361    384494.8447   5590963.1947   3011310.7825    384494.8950   5590963.1404   -0.0030    0.0015   -0.0089
KARC   2024377.5789    966398.6508   5950817.0825   2024377.6370    966398.7075   5950817.0646    0.0008    0.0040    0.0013
KAUS   2107889.4551    895603.1530   5933242.3703   2107889.5092    895603.2066   5933242.3418   -0.0028    0.0014   -0.0069
KIRC   1918647.6848   1109576.3550   5960654.8049   1918647.7424   1109576.4110   5960654.7873   -0.0004    0.0025   -0.0017
KJOC   2289009.7352    673144.0080   5895302.2252   2289009.7876    673144.0604   5895302.1915   -0.0029    0.0014   -0.0065
KOBC   2346368.8826    667943.8187   5873445.5131   2346368.9339    667943.8699   5873445.4742   -0.0037    0.0004   -0.0104
KONC   3109288.3769    660887.7514   5511264.5583   3109288.4189    660887.7974   5511264.5117   -0.0073   -0.0036   -0.0010
KOPC   2987961.1308    583114.7420   5586362.2996   2987961.1777    583114.7899   5586362.2524   -0.0034   -0.0017   -0.0038
KOPD   3199333.5365    585705.3557   5468271.6997   3199333.5791    585705.4041   5468271.6483   -0.0057   -0.0010   -0.0033
KROD   3135162.3223    531458.6271   5510612.8409   3135162.3670    531458.6761   5510612.7930   -0.0041   -0.0002   -0.0009
KRSS   3348186.0735    465040.8072   5390738.1449   3348186.1243    465040.8569   5390738.0981    0.0043    0.0009    0.0056
KRSU   2865839.6793    389046.0878   5665768.6818   2865839.7369    389046.1376   5665768.6418    0.0070    0.0007    0.0021
KVAC   2054886.7598    832604.8828   5960372.2094   2054886.8192    832604.9352   5960372.1846    0.0026    0.0003   -0.0039
KVIC   2899384.7140    528184.2590   5638150.4056   2899384.7638    528184.3090   5638150.3611   -0.0010    0.0005   -0.0027
KYRC   3067893.9685    317075.1940   5564217.0325   3067894.0173    317075.2438   5564216.9796    0.0002    0.0012   -0.0057
LAKC   1978683.8703    920836.3497   5973083.0905   1978683.9274    920836.4045   5973083.0707   -0.0003    0.0021   -0.0013
LAUC   2703516.1156    520487.6874   5734119.0349   2703516.1682    520487.7363   5734118.9935    0.0003   -0.0008   -0.0039
LEKC   2313985.7930    560307.0621   5897338.0814   2313985.8463    560307.1134   5897338.0505   -0.0016    0.0007   -0.0023
LEKS   2787613.8698    523065.0483   5693742.1933   2787613.9227    523065.0977   5693742.1532    0.0012   -0.0002   -0.0007
LIEC   2685718.1326    652295.2483   5729796.1895   2685718.1865    652295.2974   5729796.1578    0.0011   -0.0011    0.0045
LILC   3035802.4942    559312.7508   5562956.4552   3035802.5390    559312.7995   5562956.4067   -0.0050   -0.0008   -0.0039
LINC   3113386.5261    281350.7518   5541022.3329   3113386.5763    281350.8009   5541022.2839    0.0021    0.0007   -0.0005
LODC   2262517.8399    648164.3015   5908272.3980   2262517.8933    648164.3543   5908272.3680   -0.0020    0.0018   -0.0033
LOFS   2345766.8948    543139.0088   5886461.4747   2345766.9481    543139.0587   5886461.4454   -0.0013   -0.0006    0.0001
LOFT   3143950.1719    367015.2586   5518813.9530   3143950.2191    367015.3084   5518813.8986   -0.0010    0.0011   -0.0060
LOMC   2984176.1633    449923.5637   5600607.3447   2984176.2088    449923.6137   5600607.2843   -0.0044    0.0009   -0.0162
LONC   2434929.1221    673600.9005   5837390.1139   2434929.1749    673600.9518   5837390.0776   -0.0018    0.0006   -0.0059
LOPC   2000371.5966    822393.9620   5980168.5693   2000371.6552    822394.0121   5980168.5536    0.0015   -0.0021    0.0041
LOTC   3056650.4761    613631.1715   5545938.2840   3056650.5196    613631.2207   5545938.2329   -0.0061   -0.0004   -0.0064
LSTC   3356583.9034    393624.5205   5391091.2999   3356583.9568    393624.5689   5391091.2581    0.0073   -0.0002    0.0113
LUND   3323410.5333    381710.6547   5412373.7103   3323410.5859    381710.7027   5412373.6665    0.0062   -0.0007    0.0087
LURC   2483712.3438    573870.0667   5827022.9763   2483712.3966    573870.1161   5827022.9444   -0.0011   -0.0008    0.0003
LYSC   3269684.1581    366420.3928   5446037.4498   3269684.2089    366420.4421   5446037.4037    0.0039    0.0007    0.0052
MALO   2997000.8238    268936.2622   5604963.9025   2997000.8747    268936.3117   5604963.8561    0.0018    0.0011   -0.0004
MARE   2754413.4540    556880.5646   5706611.4096   2754413.5087    556880.6138   5706611.3698    0.0027   -0.0006   -0.0015
MAUC   3131965.9504    403031.6494   5523941.4400   3131965.9951    403031.7006   5523941.3848   -0.0036    0.0025   -0.0073
MAZC   2056711.2308    901662.5191   5950038.2213   2056711.2887    901662.5757   5950038.2001    0.0008    0.0043   -0.0008
MEBC   2827601.6087    551358.5175   5671662.3848   2827601.6607    551358.5672   5671662.3425    0.0006    0.0001   -0.0023
MEHC   1838248.4507    971276.9190   6009590.8919   1838248.5134    971276.9743   6009590.8955    0.0047    0.0021    0.0188
MLDC   2906891.7748    364735.8700   5646569.9587   2906891.8279    364735.9208   5646569.9141    0.0029    0.0019   -0.0014
MOEC   3052944.4279    576976.4090   5551768.8373   3052944.4727    576976.4569   5551768.7884   -0.0049   -0.0015   -0.0040
MOIC   2491923.8878    627777.7869   5818045.7462   2491923.9399    627777.8375   5818045.7115   -0.0020    0.0003   -0.0027
MOLC   2418105.9946    628665.8058   5848777.9619   2418106.0468    628665.8560   5848777.9248   -0.0023   -0.0004   -0.0067
MOSJ   2548588.4226    597721.8407   5796741.7712   2548588.4747    597721.8925   5796741.7369   -0.0015    0.0016   -0.0008
MYRC   2221995.2262    598999.0679   5928613.8654   2221995.2796    598999.1183   5928613.8375   -0.0020   -0.0004   -0.0016
MYSE   3177386.7014    637077.2318   5475291.9540   3177386.7432    637077.2789   5475291.9065   -0.0069   -0.0024   -0.0002
NAMS   2701152.2455    549928.5052   5732474.7200   2701152.2993    549928.5540   5732474.6796    0.0015   -0.0010   -0.0032
NASK   2639128.9581    616998.5199   5754577.5218   2639129.0104    616998.5696   5754577.4776   -0.0008   -0.0005   -0.0089
NORH   3143234.9206    338308.2025   5521033.3152   3143234.9695    338308.2527   5521033.2624    0.0008    0.0017   -0.0041
NOTO   3197291.0593    521284.0343   5475887.5352   3197291.1048    521284.0826   5475887.4838   -0.0027   -0.0008   -0.0028
OLDC   2087738.2220    782002.0432   5955837.6394   2087738.2800    782002.0910   5955837.6164    0.0014   -0.0040   -0.0010
OPEC   3149785.9308    598260.8289   5495348.5562   3149785.9774    598260.8773   5495348.5153   -0.0023   -0.0010    0.0060
ORNS   2441417.4255    596158.7255   5842556.9771   2441417.4819    596158.7766   5842556.9505    0.0022    0.0007    0.0046
ORSK   2933691.9978    351417.8003   5633650.0206   2933692.0488    351417.8516   5633649.9730    0.0011    0.0025   -0.0037
OSLS   3169982.1155    579956.5438   5485936.5330   3169982.1598    579956.5915   5485936.4834   -0.0043   -0.0017   -0.0021
OSTC   3090542.1520    407157.5943   5546820.6395   3090542.1983    407157.6462   5546820.5851   -0.0024    0.0031   -0.0074
OVEC   2161180.9906    756387.9372   5933137.4045   2161181.0462    756387.9888   5933137.3722   -0.0006    0.0000   -0.0085
PORC   3267084.9729    542580.7749   5432706.0319   3267085.0231    542580.8233   5432705.9907    0.0026   -0.0008    0.0088
PREC   3227088.8831    353649.6108   5471909.7844   3227088.9333    353649.6602   5471909.7375    0.0029    0.0009    0.0035
PRGC   3233111.6157    550129.7316   5452101.9882   3233111.6672    550129.7795   5452101.9526    0.0036   -0.0012    0.0135
RAUC   3194457.7339    451622.6170   5484558.5357   3194457.7805    451622.6667   5484558.4855   -0.0014    0.0008   -0.0012
RENC   3026038.1260    608374.2790   5563169.2230   3026038.1709    608374.3262   5563169.1756   -0.0051   -0.0024   -0.0034
RIND   2860556.2766    463969.1322   5662948.6092   2860556.3293    463969.1801   5662948.5653    0.0019   -0.0014   -0.0024
ROAC   2738036.1134    497707.6612   5719882.5257   2738036.1669    497707.7106   5719882.4886    0.0016   -0.0002    0.0014
RORC   2887745.8469    581642.2900   5638942.7546   2887745.8944    581642.3379   5638942.7089   -0.0036   -0.0017   -0.0045
ROSC   3181052.0461    335027.3859   5499661.3204   3181052.0952    335027.4358   5499661.2697    0.0014    0.0014   -0.0012
ROYC   2638387.9741    634663.1974   5753450.9156   2638388.0274    634663.2462   5753450.8837    0.0002   -0.0013    0.0033
SELC   3209902.8847    487409.2992   5471752.0139   3209902.9288    487409.3444   5471751.9575   -0.0039   -0.0038   -0.0073
SIRC   3323397.6195    336993.4845   5415277.8862   3323397.6735    336993.5329   5415277.8445    0.0077   -0.0001    0.0112
SKAC   2144393.1160    667776.2559   5949645.3558   2144393.1711    667776.3053   5949645.3266   -0.0010   -0.0019   -0.0052
SKAN   2238917.8675    666718.1567   5915089.2342   2238917.9195    666718.2087   5915089.1988   -0.0036    0.0010   -0.0093
SKJA   2980499.9490    423763.6497   5604685.5519   2980499.9980    423763.7008   5604685.5013   -0.0008    0.0021   -0.0062
SKJC   2039577.7793    781938.4440   5972404.5546   2039577.8371    781938.4939   5972404.5310    0.0009   -0.0021   -0.0026
SKOC   3187460.3570    543918.8116   5479515.9461   3187460.4031    543918.8594   5479515.8995   -0.0023   -0.0015    0.0016
SKRC   3077326.4872    594183.4155   5536603.0053   3077326.5293    594183.4617   5536602.9547   -0.0074   -0.0032   -0.0053
SMOL   2824684.2477    394739.9571   5685842.7618   2824684.3023    394740.0073   5685842.7229    0.0037    0.0011    0.0023
SMRC   1934578.2046    900047.6089   5990632.9169   1934578.2621    900047.6627   5990632.9022    0.0000    0.0011    0.0031
SORT   2240525.3315    617632.1632   5919775.4058   2240525.3830    617632.2141   5919775.3731   -0.0040    0.0000   -0.0062
STAC   2977626.7520    277105.3840   5614791.3723   2977626.8034    277105.4336   5614791.3306    0.0021    0.0010    0.0038
STAS   3275753.8628    321110.8112   5445041.9325   3275753.9169    321110.8599   5445041.8899    0.0074    0.0002    0.0093
STGC   2336698.1166    626806.3065   5881754.7882   2336698.1692    626806.3570   5881754.7564   -0.0023   -0.0002   -0.0033
STJC   2805037.7453    541081.4879   5683544.4745   2805037.8019    541081.5400   5683544.4443    0.0050    0.0025    0.0094
STOE   2852462.7128    517869.2492   5662266.0146   2852462.7627    517869.2994   5662265.9709   -0.0013    0.0007   -0.0029
STRA   2949255.6272    358617.1598   5625151.2172   2949255.6756    358617.2104   5625151.1643   -0.0014    0.0018   -0.0087
SULC   2389748.0994    688764.0637   5853814.5766   2389748.1538    688764.1151   5853814.5442   -0.0004    0.0006   -0.0031
SVAR   3205610.1289    563143.6781   5466959.0770   3205610.1745    563143.7268   5466959.0313   -0.0026   -0.0006    0.0028
SVEC   3313865.8990    434268.8481   5414427.1043   3313865.9482    434268.8961   5414427.0568    0.0024   -0.0008    0.0044
SVIC   3153905.0967    585859.4966   5494332.7174   3153905.1373    585859.5422   5494332.6615   -0.0082   -0.0038   -0.0088
SVOC   2295993.9633    596438.2822   5900792.8685   2295994.0163    596438.3334   5900792.8366   -0.0022    0.0004   -0.0040
TANC   1910060.1640   1023564.0190   5978666.7166   1910060.2232   1023564.0745   5978666.7034    0.0014    0.0023    0.0031
TERC   2631492.1922    577494.0955   5761888.2129   2631492.2448    577494.1457   5761888.1729   -0.0004    0.0002   -0.0045
TGDE   3358081.1415    445364.6770   5386152.7853   3358081.1949    445364.7262   5386152.7402    0.0070    0.0004    0.0076
TINC   2882293.8091    415691.9326   5655579.1645   2882293.8617    415691.9828   5655579.1190    0.0020    0.0011   -0.0033
TJMC   3227106.3584    592239.8445   5451311.0905   3227106.4040    592239.8912   5451311.0451   -0.0025   -0.0027    0.0033
TNSC   3302221.3145    388315.5477   5424777.9248   3302221.3661    388315.5948   5424777.8792    0.0049   -0.0015    0.0063
TRDS   2820171.0686    513485.8459   5678935.8100   2820171.1179    513485.8965   5678935.7640   -0.0021    0.0011   -0.0058
TREC   3255039.8880    487706.1034   5445319.3001   3255039.9300    487706.1512   5445319.2425   -0.0056   -0.0012   -0.0075
TRO1   2102928.7585    721619.2948   5958196.1633   2102928.8185    721619.3435   5958196.1424    0.0036   -0.0030    0.0019
TROC   2576519.9554    613113.7020   5782949.0034   2576520.0083    613113.7534   5782948.9671   -0.0005    0.0012   -0.0023
TRYS   2987994.0906    655946.0109   5578690.0834   2987994.1382    655946.0569   5578690.0406   -0.0029   -0.0038    0.0001
TVED   3288453.8712    516514.4518   5422429.9016   3288453.9220    516514.5017   5422429.8602    0.0035    0.0009    0.0093
TYIC   3050967.4516    441448.6593   5566379.6624   3050967.4976    441448.7090   5566379.6096   -0.0033    0.0007   -0.0069
TYSV   3238031.4666    305979.4039   5468313.7889   3238031.5209    305979.4520   5468313.7449    0.0073   -0.0004    0.0072
ULEF   3223782.3509    527013.9527   5459927.9244   3223782.3976    527014.0010   5459927.8791   -0.0012   -0.0009    0.0038
ULSC   3080890.8811    467180.7702   5547198.4143   3080890.9267    467180.8183   5547198.3607   -0.0036   -0.0010   -0.0073
VADC   1892271.4858   1080880.2898   5974269.1887   1892271.5422   1080880.3454   5974269.1690   -0.0016    0.0020   -0.0042
VALC   3241304.1850    425413.0109   5458869.3574   3241304.2330    425413.0610   5458869.3090    0.0005    0.0013    0.0018
VARD   1839676.3435   1109939.2587   5985244.5286   1839676.4032   1109939.3137   5985244.5182    0.0015    0.0012    0.0038
VARS   1844607.5966   1109719.0500   5983936.0660   1844607.6545   1109719.1059   5983936.0529   -0.0004    0.0021    0.0012
VEGC   3152743.8252    508812.7874   5502859.2817   3152743.8679    508812.8361   5502859.2279   -0.0059   -0.0004   -0.0062
VEGS   2577543.5495    546168.4919   5789081.0160   2577543.6039    546168.5409   5789080.9824    0.0011   -0.0009    0.0008
VIKC   2664618.9187    529646.0679   5751325.1822   2664618.9735    529646.1174   5751325.1441    0.0022   -0.0003   -0.0015
VIKE   3151074.3183    555883.2682   5499123.4309   3151074.3657    555883.3161   5499123.3873   -0.0012   -0.0014    0.0036
VINC   2998136.3257    515072.5268   5587484.3506   2998136.3705    515072.5756   5587484.2972   -0.0052   -0.0005   -0.0093
VOLD   2971153.9673    316683.2848   5616163.0275   2971154.0184    316683.3361   5616162.9785    0.0017    0.0026   -0.0041
VSSC   3116663.5053    350851.4857   5535247.0697   3116663.5521    350851.5364   5535247.0167   -0.0015    0.0021   -0.0050
